Bird-1 208 233 85 60
Bird-2 226 106 91 44
Bird-3 163 435 73 59
Bird-4 238 432 73 62
Bird-5 428 376 73 55
Bird-6 376 433 73 55
Bird-7 295 233 72 60
Bird-8 357 375 69 53
Bird-9 192 386 84 44
Bird-10 71 435 90 57
Bird-11 367 163 72 65
Bird-12 369 230 72 70
Bird-13 357 302 71 71
bullet1 376 490 25 7
bullet2 403 490 25 6
Enemy 441 163 67 56
Explosion1 313 430 61 69
Explosion2 1 423 68 76
Explosion3 280 295 75 83
Explosion4 196 295 82 89
Explosion5 324 1 89 97
Explosion6 226 1 96 103
Explosion7 1 229 94 97
Explosion8 1 1 108 115
Explosion9 111 1 113 109
Explosion10 1 118 105 109
Explosion11 1 328 90 93
Explosion12 430 302 64 72
Explosion13 443 221 64 73
Explosion14 305 152 60 74
Explosion15 451 433 58 59
Superman-1 415 1 96 79
Superman-2 97 273 97 79
Superman-3 111 112 100 79
Superman-4 108 193 98 78
Superman-5 93 354 97 79
Superman-6 213 152 90 79
Superman-7 415 82 92 79
